       N       E                     dE             d eps       ncg     rms          rms(c)
DAV:   1     0.374757273134E+04    0.37476E+04   -0.14172E+05   704   0.254E+03
DAV:   2     0.324060120464E+03   -0.34235E+04   -0.32028E+04   704   0.683E+02
DAV:   3    -0.119140979136E+03   -0.44320E+03   -0.40087E+03   704   0.236E+02
DAV:   4    -0.137261006705E+03   -0.18120E+02   -0.17950E+02   784   0.506E+01
